1.10
LV-T30 Reliant 1.25 240 0 310 1 265 7 .001 8 0 0 0 0
LV-909 Terrier .5 60 0 345 1 85 3 .001 8 0 0 0 0        
LV-T45 Swivel 1.5 215 0 320 1 250 6 .001 8 0 0 0 0        
KS-25 Vector 4 1000 0 315 1 295 12 .001 8 0 0 0 0       
LV-N Nerv 3 60 0 800 1 185 2 .001 7 0 0 0 0
48-7S Spark .13 20 0 320 1 265 7 .001 8 0 0 0 0
Mk-55 Thud .9 120 0 305 1 275 9 .001 8 0 0 0 0
RE-L10 Poodle 1.75 250 0 350 1 90 3 .001 8 0 0 0 0
RE-I5 Skipper 3 650 0 320 1 280 6 .001 8 0 0 0 0
RE-M3 Mainsail 6 1500 0 310 1 285 9 .001 8 0 0 0 0
KR-1x2 Twin-Boar 6.5 2000 0 300 1 280 9 .001 8 0 0 0 0
KS-25 Mammoth 15 4000 0 315 1 295 12 .001 8 0 0 0 0
KR-2L Rhino 9 2000 0 340 1 205 5 .001 8 0 0 0 0
IX-6315 Dawn .25 2 0 4200 1 100 1.2 .001 3 0 0 0 0
