1.10
KS-25 Vector 4.0 1000.0 0.0 315.0 1.0 295.0 12.0 0.001 8.0 0 0 0 0
LV-T30 Reliant 1.25 240.0 0.0 310.0 1.0 265.0 7.0 0.001 8.0 0 0 0 0
MK-55 Thud 0.9 120.0 0.0 305.0 1.0 275.0 9.0 0.001 8.0 0 0 0 0
KR-1x2 Twin-Boar 6.5 2000.0 0.0 300.0 1.0 280.0 9.0 0.001 8.0 0 0 0 0
RE-L10 Poodle 1.75 250.0 0.0 350.0 1.0 90.0 3.0 0.001 8.0 0 0 0 0
KR-2L Rhino 9.0 2000.0 0.0 340.0 1.0 205.0 5.0 0.001 8.0 0 0 0 0
IX-6315 Dawn 0.25 2.0 0.0 4200.0 1.0 100.0 1.2 0.001 3.0 0 0 0 0
LV-N Nerv 3.0 60.0 0.0 800.0 1.0 185.0 2.0 0.001 8.0 0 0 0 0
RE-I5 Skipper 3.0 650.0 0.0 320.0 1.0 280.0 6.0 0.001 8.0 0 0 0 0
LV-909 Terrier 0.5 60.0 0.0 345.0 1.0 85.0 3.0 0.001 8.0 0 0 0 0
LV-T45 Swivel 1.5 215.0 0.0 320.0 1.0 250.0 6.0 0.001 8.0 0 0 0 0
RE-M3 Mainsail 6.0 1500.0 0.0 310.0 1.0 285.0 9.0 0.001 8.0 0 0 0 0
KS-25 Mammoth 15.0 4000.0 0.0 315.0 1.0 295.0 12.0 0.001 8.0 0 0 0 0
48-7S Spark 0.13 20.0 0.0 320.0 1.0 265.0 7.0 0.001 8.0 0 0 0 0
